1524 20909367
3979 142507972
6752 410332631
1617 23538756
8146 597248515
5091 233284980
1332 15973431
1766 28075955
9923 886233140
7762 542268931
9486 809895795
8895 712124892
3467 108194756
1951 34265500
3883 135714820
6522 382854531
2370 50561667
1631 23948060
2591 60429980
892 7164631
2940 77804247
2533 57755020
1449 18902292
9874 877502467
1596 22931415
9198 761465715
1674 25227267
3581 115426460
8996 728388215
9389 793417532
9446 803080115
9117 748113756
8000 576032087
1154 11990147
4988 223941335
9725 851219612
964 8367607
2481 55408260
3235 94200052
7967 571289756
434 1697027
7552 513324631
9781 861050860
8569 660884212
5809 303723652
3408 104543895
5441 266462180
3505 110579332
8762 690988931
6736 408390295
603 3274980
4949 220453292
4213 159761260
1182 12578931
775 5408812
206 382835
516 2398455
1984 35434327
3846 133140915
6102 335134131
126 143475
8034 580938627
8160 599303127
2311 48075820
9503 812801180
2464 54651607
9779 860698772
662 3946931
1645 24360892
5079 232186572
346 1078915
6048 329229015
6190 344869747
839 6338732
4210 159533827
275 681812
1528 21019255
5691 291510180
9321 781966740
192 332631
2810 71076227
3036 82967895
7015 442920172
2944 78016087
2425 52935412
1059 10097652
4114 152341507
8181 602391660
2557 58854556
2350 49711987
9228 766440855
8370 630545667
46 19315
7909 563002252
1008 9148695
2397 51720156
9497 811775156
2941 77857180
4221 160368540
2260 45977527
7031 444942860
8860 706531927
162 236931
4478 180490355
4879 214261372
9358 788186995
5755 298103332
484 2110327
8330 624533507
2808 70975095
619 3451012
3327 99633756
776 5422775
9931 887662660
7355 486893732
2019 36695412
7106 454485635
5163 239929860
9585 826888452
7005 441658332
4592 189796631
17 2756
1316 15592055
857 6613556
6604 392541847
7501 506415100
719 4655612
4472 180007031
7046 446843315
816 5996055
740 4931447
5439 266266332
2105 39887732
4921 217965940
7587 518093556
3971 141935540
1485 19853052
814 5966707
8427 639162756
900 7293687
5902 313526131
9422 799004531
9072 740747031
4663 195710860
1758 27822195
5557 277944556
8174 601361267
7945 568139092
2535 57846252
2687 64990556
6109 335903452
432 1681431
2483 55497620
6208 346878295
7397 492470156
2660 63691127
8560 659496727
420 1589367
5732 295725431
2479 55318972
1278 14704755
1362 16700931
14 1907
1888 32088535
4906 216639235
2246 45409715
2164 42154807
1318 15639475
1056 10040535
9952 891420631
4488 181297335
9083 742544420
380 1301207
5319 254647212
751 5079100
4799 207292892
450 1824387
4017 145242756
4280 164882807
4487 181216556
2208 43886295
2407 52152556
3853 133625980
8293 618997900
3232 94025431
3653 120114380
248 554615
874 6878467
3890 136204547
7088 452186135
6360 364071927
906 7391235
2457 54341556
3051 83789700
3747 126375156
9151 753703900
1620 23626167
6635 396235652
846 6444915
6624 394922967
9776 860170775
4714 200015107
5530 275250307
594 3177987
4349 170241692
9865 875903572
209 394052
2111 40115420
4382 172834931
6457 375261556
4275 164497812
6807 417044556
7765 542688172
9915 884804772
9322 782134531
965 8384972
6670 400426867
1046 9851315
6436 372824695
3988 143153335
8090 589065347
8586 663508995
322 934531
7553 513460580
2607 61178556
1395 17519892
1900 32497687
2 131
7646 526182515
4544 185849687
5224 245632567
7767 542967756
1126 11415475
7316 481744055
331 987460
9616 832245655
2375 50775212
3085 85667452
1102 10934131
1056 10040535
1145 11803892
7219 469054612
5012 226101431
9760 857357527
8366 629943155
9763 857884660
6428 371898455
3831 132104460
5461 268424620
1357 16578556
786 5563395
7417 495136756
4800 207379287
3882 135644931
2747 67925156
765 5270172
424 1619767
7874 558030467
3761 127321220
4147 154795156
368 1220375
7549 512916892
1531 21101860
8709 682655052
4184 157569527
5944 318004087
2528 57527255
5566 278845555
8243 611556500
4587 189383556
4493 181701500
6633 395996820
6699 403916292
2152 41688631
4374 172204467
2363 50263460
9619 832765012
550 2724787
9258 771432195
9427 799852756
5100 234110487
752 5092631
4682 197308931
6273 354179940
9644 837099287
8760 690673527
7866 556897155
6661 399347020
6365 364644572
9935 888377852
8569 660884212
9913 884447860
3618 117823875
9577 825508756
8942 719670131
3954 140722947
3631 118672060
3052 83844631
8484 647838327
6482 378172931
9417 798156756
4634 193284227
6087 333488556
1618 23567875
7068 449637975
8608 666913495
1263 14361660
6095 334365692
6348 362699415
8766 691619955
3772 128067031
6994 440272387
6685 402229852
2439 53548332
4995 224570292
2596 60663415
7463 501297260
6891 427400580
2856 73422135
2977 79774756
2020 36731767
2068 38497975
2124 40610967
3629 118541372
3212 92865431
6909 429636252
5738 296344835
1316 15592055
1444 18772087
4298 166272515
8348 627235415
5638 286106035
8114 592565507
3075 85113012
1763 27980660
403 1463380
3876 135225975
2675 64411412
1143 11762700
1060 10116727
9825 868815012
8785 694621252
3340 100413847
7387 491139556
8607 666758556
2828 71989655
2389 51375532
2587 60243556
2311 48075820
9836 870761495
9533 817941020
2458 54385795
6279 354857772
1959 34547052
1252 14112631
3013 81715660
8646 672814515
6481 378056260
4838 210675635
9157 754692556
3501 110327100
2376 50817975
7763 542408660
7698 533363715
7460 500894327
7647 526320156
6506 380978435
9621 833111340
8811 698738820
3640 119261047
2199 43529292
2594 60569987
7770 543387267
4568 187817975
5967 320469756
9238 768102835
394 1398787
2598 60756915
5786 301323395
9373 790715740
7462 501162931
8739 687366132
1584 22587927
1159 12094252
1932 33601431
8801 697153700
3798 129838515
2715 66351972
5865 309607572
7581 517274460
2107 39963556
1917 33081756
7444 498748087
5951 318753500
4463 179283260
7020 443551767
2569 59408212
5668 289158775
8244 611704887
4751 203167100
1929 33497172
3369 102165012
9175 757662412
194 339587
2655 63451932
5194 242819587
7072 450147031
27 6756
1638 24154035
8396 634469015
663 3958860
1314 15544707
7098 453462915
5400 262461687
5642 286512131
3984 142866327
765 5270172
6057 330209556
8637 671414556
7079 451038572
8331 624683460
9081 742217460
2513 56846660
9042 735856131
9279 774935772
2422 52804531
6136 338879095
4894 215580787
3303 98201580
7883 559306820
4008 144592695
9050 737158787
6118 336893875
4156 155467735
2302 47702131
7515 508307172
633 3608820
401 1448900
6709 405123052
9475 808018612
1996 35864215
1143 11762700
2455 54253132
2627 62120756
2925 77012412
8435 640376852
210 397827
5310 253786227
8464 644787607
3161 89940020
2895 75440892
4608 191121495
421 1596940
508 2324695
1199 12943292
1598 22988915
3384 103076727
7927 565567756
7031 444942860
9536 818455895
4904 216462647
9083 742544420
3774 128202867
4621 192201340
1562 21964931
2570 59454467
8373 630997740
3445 106826092
4302 166582131
9507 813485556
2342 49374131
6149 340316492
2258 45896195
4959 221345052
1455 19059132
5527 274951756
325 952012
7116 455765655
5665 288852772
3896 136625015
3551 113500700
5511 273362220
260 609527
6270 353841267
8496 649672215
9279 774935772
718 4642675
121 132340
8662 675306931
104 97847
9652 838488631
6088 333598135
2898 75597315
7486 504391795
9391 793755580
5808 303619095
6813 417780060
5610 283271427
2435 53372852
5497 271975156
3783 128815020
4185 157644852
8844 703982487
9162 755516931
513 2370660
1003 9058180
682 4188931
854 6567347
6668 400186775
5834 306343427
5327 255413756
6278 354744755
1841 30510980
5548 277045015
4373 172125740
1657 24717556
2594 60569987
4090 150569347
2725 66841612
2297 47495156
2385 51203652
866 6753155
3062 84394931
9392 793924631
6495 379691292
890 7132547
7347 485835156
1339 16141732
3255 95368332
5622 284484531
561 2834820
3646 119654515
7341 485041980
6763 411670660
2959 78813052
936 7888695
449 1816292
6405 369241932
4174 156817267
9144 752551287
3001 81066100
8566 660421555
4387 173229556
6768 412279575
7518 508713075
8912 714849431
3738 125768835
8362 629340931
7509 507495852
5365 259070572
9053 737647580
8056 584124535
7424 496071767
5325 255222012
9046 736507315
8447 642200156
1350 16407987
7752 540872631
4305 166814532
9415 797817772
7873 557888740
9844 872178487
2614 61507507
4796 207033815
7990 574592947
9153 754033380
8838 703027635
4441 177520180
8587 663663556
7027 444436756
9763 857884660
630 3574707
2356 49966135
9944 889988087
8213 607113260
5759 298517852
7598 519596915
5515 273759172
9578 825681155
2600 60850487
1711 26354620
2040 37462647
1710 26323827
637 3654556
6717 406089756
97 85156
5947 318325156
9182 758818931
2335 49079452
3344 100654487
1570 22190467
7083 451548420
7713 535444260
2557 58854556
3947 140225156
7244 472308887
5196 243006615
3923 138525140
8042 582096131
3189 91540332
7045 446716492
238 510835
770 5339267
2472 55007031
6981 438637260
4184 157569527
1278 14704755
9723 850869540
1929 33497172
4005 144376332
4142 154422131
283 722020
5658 288139395
2011 36405220
9039 735367932
9361 788692420
3263 95837660
533 2559020
366 1207155
7220 469184567
9074 741073667
826 6143875
2318 48367475
7471 502372540
2657 63547556
9545 820001492
3704 123491447
4517 183647756
4870 213471667
3224 93560567
6770 412523267
9538 818799235
5241 247233780
2142 41302131
9843 872001300
5988 322729335
36 11895
622 3484531
998 8968115
138 172035
3191 91655180
8997 728550156
3469 108319612
7019 443425412
3485 109321052
7221 469314540
2328 48785655
1323 15758340
1198 12921715
6259 352600852
5462 268522931
2345 49500692
9335 784317452
1245 13955292
9900 882129687
8716 683752855
8183 602686220
2560 58992727
4820 209110967
1535 21212252
7676 530319575
4329 168679572
8631 670482060
858 6628995
3725 124895612
7579 517001572
5117 235673756
9428 800022455
4969 222238612
2017 36622756
3892 136344631
7334 484117427
6896 428021015
2148 41533815
4624 192450967
9809 865987652
6847 421960156
271 662140
7506 507090435
9699 846674292
4722 200694531
97 85156
4348 170163415
4038 146765235
8406 635981235
8002 576320131
2308 47951095
2265 46181172
5373 259843740
9322 782134531
5719 294385612
2915 76486772
2421 52760940
9630 834670707
9104 745981847
597 3210156
3115 87341572
5661 288445020
5753 297896180
735 4865052
3372 102347031
9642 836752131
9425 799513412
6646 397550515
6924 431503767
5546 276845315
158 225395
8116 592857655
2778 69466755
6113 336343460
5141 237889580
2673 64315140
8100 590522487
9144 752551287
2232 44845431
8705 682028132
2487 55676556
4082 149980931
4943 219919100
5646 286918515
2602 60944131
4590 189631347
8618 668463875
200 360887
8203 605635780
9407 796462556
6614 393731507
2745 67826292
4090 150569347
8699 681088292
1934 33671027
7549 512916892
1589 22730732
6497 379925156
8932 718061431
2258 45896195
4451 178320500
1087 10638556
9184 759149527
8333 624983420
8597 665210156
4819 209024212
5976 321437175
2814 71278707
3962 141292931
6464 376075607
7041 446209380
9684 844057527
5298 252640515
8658 674683395
7845 553927692
4164 156066807
9381 792066060
1862 31210931
9525 816568812
4630 192950707
2261 46018220
6292 356328631
5921 315547940
1840 30477847
8465 644939972
3278 96720755
405 1477932
8903 713406380
9644 837099287
6862 423810931
1158 12073395
3363 101801460
6253 351925180
1099 10874692
1838 30411635
1011 9203220
2536 57891895
8812 698897431
7092 452696631
4929 218675172
7773 543806940
9392 793924631
6032 327489431
7239 471657132
8703 681714780
4957 221166556
2925 77012412
9202 762128131
9752 855952631
600 3242487
7168 462450775
8837 702868556
6587 390523556
2500 56260087
264 628407
8497 649825156
5354 258009347
4718 200354675
7862 556330931
3524 111781367
2313 48159060
8441 641288180
6719 406331612
768 5311575
1939 33845332
2181 42819660
6511 381564220
9166 756176755
4811 208330820
1174 12409267
4048 147493015
7138 458588035
2294 47371187
4002 144160131
6412 370049431
8561 659650820
9319 781631212
4090 150569347
7808 548715095
2688 65038935
8890 711324547
1772 28267031
9601 829651300
5150 238723187
9621 833111340
6441 373404180
3683 122095220
6645 397430892
9468 806825175
7075 450529012
328 969655
9837 870938556
5285 251402252
8521 653501140
9174 757497267
290 758147
9483 809383620
2438 53504435
2620 61790167
1670 25106867
4854 212071347
4567 187735756
5973 321114540
3642 119392131
4187 157795556
2332 48953431
7486 504391795
5002 225200131
208 390295
5056 230088535
9221 765278540
7094 452951987
2035 37279252
2316 48284055
3139 88692532
8360 629039927
9019 732117412
569 2916212
1468 19401175
5219 245162612
5583 280551420
5909 314270252
2083 39058420
7656 527559735
8998 728712115
2280 46794807
3955 140794132
1055 10021532
1391 17419580
3175 90738412
3372 102347031
932 7821431
5778 300490755
6776 413254775
475 2032612
9184 759149527
7413 494602860
7927 565567756
4045 147274492
3146 89088515
3652 120048631
9208 763122295
5765 299140172
973 8524540
7259 474266852
8975 724991612
2348 49627415
9116 747949655
1654 24628147
5229 246102972
5240 247139447
2003 36116180
9611 831380420
2747 67925156
1201 12986500
9263 772265660
7574 516319667
12 1431
1135 11598652
5505 272767332
1301 15238700
5501 272371100
7464 501431607
2447 53900156
5445 266854092
3473 108569540
8729 685793972
9052 737484631
5997 323700156
5835 306448452
9138 751564035
970 8472067
3913 137819860
250 563587
4519 183810412
652 3828631
8234 610221827
8924 716775767
8357 628588556
8832 702073431
5308 253595095
1420 18153367
1266 14429955
2557 58854556
1992 35720631
622 3484531
4007 144520556
1098 10854915
7115 455637572
1598 22988915
8194 604307587
9391 793755580
2919 76696812
8195 604455092
2919 76696812
4176 156967575
5400 262461687
2681 64700660
4856 212246135
1847 30710156
2330 48869507
9839 871292732
2373 50689740
3377 102650756
3401 104114900
9774 859818867
6133 338547820
5772 299867031
1464 19295607
844 6414487
5013 226191660
2014 36513907
822 6084531
1424 18255767
1520 20799767
8522 653654531
1534 21184627
4070 149100467
5088 233010135
9295 777610492
2943 77963100
4805 207811532
19 3412
6242 350688131
2779 69516772
9840 871469847
482 2092931
6541 385088380
6403 369011380
2010 36369027
383 1321820
9480 808871607
4403 174495380
2461 54518620
1613 23422460
4967 222059756
4810 208244227
1724 26756567
1428 18358455
9284 775771127
3517 111337756
4919 217788812
5492 271480631
3934 139303027
1645 24360892
9247 769600156
4314 167512707
2081 38983460
2646 63022515
9131 750413060
5585 280752452
6920 431005367
1288 14935735
5291 251973380
3371 102286340
1201 12986500
3019 82041412
2219 44324612
4689 197899332
5824 305294167
8431 639769660
8026 579782275
8711 682968620
4407 174812556
